 288.89899 
 288.14401 
 286.45901 
 285.93900 
 285.57101 
 284.99701 
 284.38800 
 283.94101 
 283.64301 
 283.26700 
 283.42801 
 282.75400 
 282.01999 
 282.46899 
 282.66800 
 282.13599 
 282.32401 
 281.86899 
 281.37500 
 281.33200 
 280.71799 
 280.86499 
 279.93500 
 279.77301 
 280.14200 
 279.50000 
 280.23499 
 279.85001 
 279.79199 
 279.69299 
 280.27499 
 279.68799 
 280.01401 
 279.46799 
 278.75699 
 279.01599 
 279.70001 
 281.18100 
 282.07999 
 283.60699 
 284.64401 
 285.52200 
 286.09299 
 288.25000
 289.13300
 290.32401
 291.58701
 292.58801
 292.97900
 293.41602
